a.i
0.071313
0.092747
0.113110
0.132454
0.150831
0.168290
0.184875
0.200632
0.215600
0.229820
0.243329
0.256163
0.268354
0.279937
0.290940
0.301393
0.311323
0.320757
0.329719
0.338233
0.346322
0.354005
0.361305
0.368240
0.374828
0.381087
0.387032
0.392681
0.398047
0.403144
0.407987
0.412588
0.416958
0.421110
0.425055
0.428802
0.432362
0.435744
0.438957
0.442009
0.444908
0.447663
0.450280
0.452766
0.455128
0.457371
0.459503
0.461528

a.ii
0.000000
0.100000
0.180000
0.244000
0.295200
0.336160
0.368928
0.395142
0.416114
0.432891
0.446313
0.457050
0.465640
0.472512
0.478010
0.482408
0.485926
0.488741
0.490993
0.492794
0.494235
0.495388
0.496311
0.497049
0.497639
0.498111
0.498489
0.498791
0.499033
0.499226
0.499381
0.499505
0.499604
0.499683
0.499746
0.499797
0.499838
0.499870
0.499896
0.499917
0.499934
0.499947
0.499957
0.499966
0.499973
0.499978
0.499983
0.499986
0.499989
0.499991
0.499993

b.i
0.000000
0.125000
0.218750
0.289062
0.341797
0.381348
0.411011
0.433258
0.449944
0.462458
0.471843

b.ii
0.000000
0.500000
0.500000
0.500000
0.500000
0.500000
0.500000
0.500000
0.500000
0.500000
0.500000